022.1     571     17       0                 

23.1     830     25       34           

24.1     1287    41       4            

25.1     1975    56       11       

26.1     2744    80       2       

27.1     4515    106      9     

28.1     5974    132      43      

29.1     7711    170      21      

30.1     9692    213      47      

31.1     11791   259      72

1.2      14380   304     85  

2.2      17205   361     147  

3.2      20440   425     157

4.2      24324   490     260

5.2      28018   563     261

6.2      31161   636     387

7.2      34563   722     510

8.2      37198   811     599

9.2      40171   908     632

10.2     42638   1016    715

11.2     44653   1113    753

12.2     58761   1259    1162
 
13.2     63851   1380     812

14.2     66492   1523     1373

15.2     68500   1665     1323

16.2     70548   1770     1425

17.2     72436   1868     1708

18.2     74185   2004     1749

19.2     74576   2118     1781

20.2     75465   2236     2151

21.2     76288   2345     2351

22.2     76936   2442     1742

23.2     77150   2952     2333

24.2     77658   2663     2496

25.2     78064   2715     2519

26.2     78497   2744     2746

27.2     78824   2788     3622

28.2     79251   2835     2885

29.2     79824   2870     2823

1.3     80026      2912      2673

2.3     80151      2943      2706

3.3     80270      2981      2662

4.3     80409      3012      2178

5.3     80552      3042      1682

6.3     80651      3070      1676

7.3     80695      3097      1663

8.3     80735      3119      1535

9.3     80754      3136      1297

10.3    80793      3158      1587

11.3    80813      3169      1309

12.3    80820      3176      1320

13.3    80825      3189      1434

14.3    80844      3199      1365

15.3    80860      3213      842

16.3    80881      3226      934

17.3    80894      3237      913

18.3    80928      3245      819

19.3    80967      3248      730

20.3    81008      3255      590

21.3    81054      3261      700

22.3    81093      3270      263

23.3    81171      3277      456

24.3    81218      3281      491

25.3    81285      3287      401

26.3    81340      3292      537

27.3    81394      3295      383

28.3    81439      3300      477

29.3    81440      3300      79

30.3    81518      3305      604
 
31.3    81554      3312      186

1.4     81589     3318     170

2.4     81620     3322     163 

3.4     81639     3326     184

4.4     81669     3329     209

5.4     81708     3331     114

6.4     81740     3331     89

7.4     81802     3333     112

8.4     81865     3335     91

9.4     81907     3336     85

10.4    81953     3339     70

11.4    82052     3339     99

12.4    82160     3341     88

13.4    82249     3341     75

14.4    82295     3342     46    

15.4    82341     3342     76

16.4    82367     3342     52

17.4    82692     4632     325

18.4    82719     4632     0

19.4    82735     4632     33

20.4    82747     4632     22

21.4    82758     4632     39

22.4    82788     4632     30

23.4    82798     4632     56

24.4    82804     4632     50

25.4    82816     4632     89

26.4    82827     4632     48

27.4    82830     4633     80

28.4    82836     4633     81

29.4    82858     4633     23

30.4    82862     4633     32

1.5     82874     4633       32

2.5     82875     4633       43

3.5     82877     4633       28

4.5     82880     4633       53

5.5     82881     4633       87

6.5     82883     4633       58

7.5     82885     4633       46   

8.5     82886     4633       36

9.5     82887     4633       53