015.2     3      0        0

16.2     3      0        0

17.2     3      0        0

18.2     3      0        0

19.2     3      0        0

20.2     3      0        0

21.2     3      0        0      

22.2     3      0        0 

23.2     3      0        0

24.2     3      0        0

25.2     3      0        0

26.2     3      0        0 

27.2     3      0        0

28.2     3      0        0

29.2     3      0        0

1.3      3       0         0

2.3      6       0         0

3.3      7       0         0

4.3      29      0         0

5.3      30      0         0

6.3      31      0         0
 
7.3      34      0         0

8.3      40      0         0

9.3      47      0         1

10.3     62      0         0

11.3     62      0         0

12.3     74      1         0

13.3     82      2         6

14.3     100     2         0

15.3     114     2         3

16.3     129     2         0

17.3     143     3         1

18.3     169     3         0

19.3     194     4         6

20.3     249     5         3

21.3     332     5         0

22.3     396     7         1

23.3     499     10        10

24.3     536     10        6

25.3     657     12        3

26.3     727     20        2

27.3     887     20        28

28.3     987     24        11

29.3     1024    27        11

30.3     1251    32        7

31.3     1397    35        21

1.4      1998     58        25

2.4      2543     72        43

3.4      3059     86        1

4.4      3588     99        37

5.4      4289     118       99

6.4      4778     136       47

7.4      5351     160       93

8.4      5916     178       38

9.4      6725     227       129

10.4     7600     249       139

11.4     8446     288       195

12.4     9205     331       111

13.4     10453    358       101

14.4     11487    393       178

15.4     12370    422       149

16.4     13430    448       260

17.4     14352    486       273

18.4     16365    521       422

19.4     17615    559       391

20.4     18539    592       419

21.4     20080    645       702

22.4     21370    681       395

23.4     23039    721       642

24.4     24447    780       484

25.4     26283    825       443

26.4     27890    881       584

27.4     29451    939       614

28.4     31324    1008      610

29.4     33062    1079      690

30.4     34863    1154      631

1.5     37257    1223       939   

2.5     39699    1323       812

3.5     42505    1391       956

4.5     46437    1566       1072

5.5     49400    1693       1295

6.5     52987    1785       1189 

7.5     56351    1889       1445

8.5     59695    1985       1111

9.5     62808    2101       1414

10.5	67161	 2212		1668

11.5	70768	 2294		1580

12.5	74292	 2415		1871

13.5	78055	 2551		1980

14.5	81997	 2649		1569

15.5	85784	 2753	 	2289