015.2     3      0           0

16.2      3      0           0

17.2      3      0           0

18.2      3      0           0

19.2      3      0           0

20.2      4      0           0

21.2      21     1           1

22.2      79     2           1

23.2      159    3            0

24.2      229    7           1
 
25.2      323    11          1

26.2      470    12          1

27.2      655    17          42

28.2      889    21           1

29.2      1128   29           4

1.3         1701      41       33      

2.3         2036      52       66

3.3         2502      79       11
 
4.3         3089      107      116

5.3         3858      148      138

6.3         4636      197      109

7.3         5883      233      66

8.3         7375      366      33

9.3         9172      463      102

10.3        10149     631      280

11.3        12462     827      41 

12.3        15113     1016     213

13.3        17660     1266     181

14.3        21157     1441     527

15.3        24747     1809     369
 
16.3        27890     2158     414

17.3        31506     2503     192

18.3        35713     2978     1084

19.3        41035     3405     415

20.3        47021     4032     689

21.3        53578     4825     943

22.3        59138     5476     952

23.3        63927     6077     408

24.3        69176     6820     894

25.3        74386     7503     1036

26.3        80587     8215     999

27.3        86469     9134     589

28.3        92472     10023    1434

29.3        97689     10779    646

30.3        101739    11591    1590

31.3        105792    12428    1109

1.4          110574   13155    1118

2.4          115242    13915    1431

3.4          119827    14681     1480 

4.4          124632     15362    1238

5.4          128928     15887    819

6.4          132547     16523    1022

7.4          135386     17127    1555	 

8.4          139422     17669    2099

9.4          143626     18279    1979

10.4         147577     18849    1985

11.4         152271     19468    2079

12.4         156363     19899    1677

13.4         159516     20465    1224

14.4         162488     21067    1695

15.4         165155     21645    962

16.4         168941     22170    2072

17.4         172434     22745    2563

18.4         175925     23227    2200

19.4         178972     23660    2128

20.4         181288     24114    1822

21.4         183957     24648    2729

22.4         187327     25085    2943

23.4         189973     25549    3033

24.4         192994     25696    2922

25.4         195351     26384    2622

26.4         197675     26644    1808

27.4         199414     26977    1696

28.4         201505     27359    2317

29.4         203591     27682    2311      

30.4         205463     27967    4693

1.5         207428       28236     2304

2.5         209328       28710     1665

3.5         210717       28884     1740

4.5         211938       29079     1225

5.5         213013       29315     2352

6.5         214457       29684     8014

7.5         215858       29958     3031

8.5         217185       30201     2747

9.5         218268       30395     4008