015.2     2       0       0

16.2     2       0       0

17.2     2       0       0

18.2     2       0       0
 
19.2     2       0       0

20.2     2        0      0

21.2     2       0       0

22.2     2       0       0

23.2     2       0       0

24.2     3       0       0

25.2     9       0       0

26.2     13      0       0

27.2     25      0       0

28.2     33      0       0

29.2     58      0       0

1.3        84        0       0

2.3        120       0       0

3.3        165       1       0

4.3        228       2       0

5.3        282       3       1

6.3        401       8       3

7.3        525       10      24

8.3        674       17      2

9.3        1231      30      0

10.3       1695      36      103

11.3       2277      55      48

12.3       3146      86      6

13.3       5232      133     4

14.3       6391      196     324

15.3       7988      294     0

16.3       9942      342     13
 
17.3       11826     533     498

18.3       14769     638     53

19.3       18077     831     26

20.3       21571     1093    481

21.3       25496     1381    537

22.3       28768     1772    450

23.3       35136     2311    780

24.3       42058     2991    439

25.3       49515     3647    1573

26.3       57786     4365    1648

27.3       65719     5138    2342

28.3       73235     5982    2928

29.3       80110     6803    2424

30.3       87956     7716    2071

31.3       95923     8464    2479

1.4      104118     9387      3388

2.4      112065     10348     4096

3.4      119199      11198    3770

4.4      126168      11947    3706

5.4      131646     12641     3861

6.4      136675     13341     2357

7.4      141942     14045     2771

8.4      148220     14792     4813

9.4      153222     15447     4144

10.4     158273     16081     3503

11.4     163027     16606     3441

12.4     166831     17209     3282

13.4     170099     17756     2336

14.4     174060     18255     2777

15.4     180659     18812     3349

16.4     184948     19130     3944

17.4     190839     19478     0

18.4     194416     20043     1194

19.4     198674     20453     3892

20.4     200210     20852     2011

21.4     204178     21282     2044

22.4     208389     21717     3294

23.4     213024     22157     3529

24.4     219764     22524     18368

25.4     223759     22902     4433

26.4     226629     23190     4165

27.4     229422     23521     3105

28.4     232128     23822     3071

29.4     236899     24275     9026

30.4     239340     24543     5026

1.5     242979     24824     4486

2.5     245589     25100     3814
 
3.5     247122     25264     2303

4.5     248301     25428     3075

5.5     250561     25613     3085

6.5     253682     25857     4641

7.5     256855     26070     4560

8.5     260117     26299     4489

9.5     262783     26478     4749

10.5	264663	   26621	 3282

11.5	268143	   26744	 1407

12.5	269520	   26920	 2624

13.5	271095     27104	 2757

14.5	272646     27321	 3253

15.5	274367	   27459	 2487