021.1           1     0         0

22.1           1     0         0
	
23.1           2     0         0
	
24.1           2     0         0
	
25.1           5     0         0
	
26.1           5     0         0
	
27.1           5     0         0
	
28.1           5     0         0
	
29.1           5     0         0
	
30.1           7     0         0
	
31.1           8     0         0

1.2           8    0          0

2.2	      11    0          0

3.2	      11    0          0
	
4.2          11    0         0

5.2	      11    0          0

6.2	      11    0          0

7.2	      11    0          0

8.2	      11    0          0

9.2	      11    0          0

10.2         12    0          0

11.2	      12    0          0

12.2	      13    0          0

13.2	      13    0          0

14.2	      13    0          0

15.2	      13    0          0

16.2	      13    0          0
 
17.2	      13    0          0

18.2	      13    0          0

19.2	      13    0          0

20.2	      15    0          0
                     
21.2	      15    0          0

22.2	      15    0          0

23.2 	      15    0          0

24.2	      15    0          0

25.2	      15    0          0

26.2	      16    0          0

27.2	      16    0          0

28.2	      24    0          0

29.2  	      30    0          0 

1.3            53      1        6
	     
2.3            78      6        23

3.3	        98       9        25

4.3	        164      11       20

5.3	        211      12       66

6.3            275     15       45

7.3	        422      19       64
	 
8.3            647     22       14

9.3	        937      26       225
	      
10.3            1215    30       25

11.3             1629   38       20

12.3         	1896     41       44

13.3      	2234     48       268

14.3	        3471     58       330	

15.3             4226   73       240

16.3	        7023     95       755

17.3	        10442    121      790

18.3        	15219    171      410

19.3     	18747    239      777

20.3	        24583    309      1520

21.3	        33404    374      1840

22.3	        44338    509      1800

23.3	        54453    689      1847

24.3	        68440    957      1115

25.3	        85356    1260     2880

26.3         	103321   1614     2910

27.3	        122653	 2110     3770

28.3           140904  2754      2332

29.3	        163539   3251     1251

30.3	        186101   4066     2632

31.3 	        213144   5151     3562

1.4	        239279    6394      4044

2.4	        258098    7576      6135

3.4	        267436    8839      4888

4.4	        330891    10384     3666

5.4	        374329    11793     2065

6.4	        395926    13298     3438

7.4	        427460    15526     3682

8.4	        459165    17691     5449

9.4	        492416    19802     4705

10.4        	525704    22038	    3251

11.4           554849  24062      8145

12.4	        579005    25789     3382	
              
13.4           605390   27515     6527

14.4	        632548    30081     6930

15.4	        661712    32712     2777     

16.4	        690714    34905     3945

17.4	        720630    37448     3899

18.4         	746625    39331     2554

19.4        	776093    40901     2012

20.4	        802583    42853     3968

21.4	        828441    45536     5386	

22.4           865585   47894     4913

23.4	        895766     50234    4464	

24.4          928619     52191    4308

25.4	        962491      54256   3996

26.4         	981246     55412    4301   

27.4         1010356     56795    4309

28.4         1035765     59265    3996

29.4         1064194     61655    4075

30.4         1095023     63856    6033

1.5       1131030    65753          6201

2.5       1160774    67444          4802

3.5       1188122    68597          4330

4.5       1212835    69921          3986

5.5       1237633    72271          4408

6.5       1263092    74799          6115   

7.5       1292623    76928          5614

8.5       1321785    78615          4649

9.5       1347309    80037          3895 

10.5      1367638    80787			3923

11.5	  1385834	 81847			3877

12.5	  1408636	 83718			3403

13.5	  1430347	 85540			3242

14.5	  1457593	 87293			3446

15.5	  1484285	 88895			3560